iou_mean: 0.00011649351769865505
pq_dagger: 8.645780845377744e-05
pq_mean: 8.645780845377744e-05
pq_stuff: 0.0
pq_things: 0.00020533729507772142
rq_mean: 0.00010028621001968305
rq_stuff: 0.0
rq_things: 0.00023817974879674725
sq_mean: 0.08296255563611972
sq_stuff: 0.0
sq_things: 0.19703606963578432
